0.05458220704909294
0.021847854506584906
0.03609097273119034
0.037750468138725526
0.03693122863769531
0.03442026857406862
0.03693323020012148
0.0361119891366651
0.03277398347854614
0.03779290126216027
0.035310963853713004
0.03780030704313709
0.03779049938724887
0.03609417523107221
0.036962052699058286
0.037799106105681386
0.03777668860650832
0.03693663285624597
0.03692882676278391
0.03692242176302018
0.0361035825744752
0.037775087356567386
0.03694163676231138
0.031613677740097046
0.03102301666813512
0.0318478605439586
0.0313580782182755
0.030121512951389436
0.029441382038977837
0.034029363432238176
0.0346020104423646
0.03291309206716476
0.026879982602211736
0.09548973960261191
0.03363625657173895
0.03513622745390861
0.03591763742508427
0.03557456962523922
0.03557877290633417
0.034217710456540505
0.033038389875042824
0.03450633575839381
0.035385221819723804
0.03372272406854937
0.033721523131093674
0.03357060532416067
0.03241490317929176
0.032607453484689033
0.031029021355413623
0.03221534740540289
0.0321196727214321
0.03505756605056024
0.034203899675799954
0.03247955364565695
0.03210666256566202
0.033030984094066004
0.034383039512941915
0.03349714798312033
0.03135507587463625
0.030951560889520953
0.0323662652123359
0.03301116862604695
0.032740957698514386
0.03409361358611814
0.0362545003814082
0.04748646809208778
0.03591963898751044
0.02937052672909152
0.03490404621247322
0.03493507043007881
0.036481077248050324
0.033193310806828163
0.03341508392364748
0.033699305788163214
0.03513622745390861
0.0363095433481278
0.03203680803698878
0.03165330867613515
0.03969178353586505
0.03205222006767027
0.031429133684404434
0.03700868910358798
0.03541164244374921
0.03531716869723412
0.03449292529013849
0.04415026384015237
0.029935968114483742
0.032300213652272376
0.03013832607576924
0.03446650466611308
0.034982107147093745
0.033039390656255906
0.03382300234610035
0.03468267340813914
0.0330225775318761
0.03402455968241538
0.03360142938552364
0.05973142654665055
0.03508758948695275
0.03514463401609851
0.03462682981644907
0.035107004642486575
0.032620863952944355
0.036012311327841974
0.0319233194474251
0.03324875408603299
0.034202498582101636
0.033816397190093994
0.03412223592881233
0.03338746236216637
0.03296913581509744
0.03457318794342779
0.0353025572915231
